Exemplo 3.1

5, 9, 7, 2, 8, 6, 4, 3, 1

Exemplo 3.2

1, 9, 7, 8, 3, 4, 5, 2, 6

Exemplo 3.3

7, 6, 9, 5, 4, 2, 1, 8, 3

Exemplo 3.4

1, 5, 6, 4, 9, 3, 2, 7, 8

Exemplo 3.5

3, 6, 7, 2, 8, 9, 4, 5, 1

Exemplo 4.1

1, 10, 3, 12, 6, 8, 14, 9, 2, 4, 16, 5, 13, 7, 15, 11

Exemplo 4.2

16, 4, 12, 3, 1, 8, 11, 7, 2, 5, 15, 9, 6, 10, 13, 14

Exemplo 4.3

9, 7, 1, 6, 13, 3, 12, 2, 11, 15, 10, 14, 5, 16, 8, 4

Exemplo 4.4

1, 6, 12, 10, 2, 5, 3, 15, 11, 14, 16, 13, 9, 7, 8, 4

Exemplo 4.5

2, 9, 15, 14, 6, 4, 5, 13, 7, 1, 10, 16, 3, 12, 8, 11

Exemplo 5.1

1, 23, 20, 19, 5, 12, 24, 9, 7, 21, 6, 3, 16, 18, 17, 2, 4, 11, 14, 15, 10, 25, 22, 13, 16, 8

Exemplo 5.2

16, 3, 18, 5, 10, 16, 21, 14, 12, 25, 11, 23, 6, 19, 7, 22, 4, 13, 17, 24, 9, 2, 15, 8, 20, 1

Exemplo 5.3

12, 4, 16, 13, 25, 20, 9, 23, 3, 15, 11, 17, 22, 18, 10, 16, 14, 2, 21, 6, 1, 8, 7, 19, 5, 24

Exemplo 5.4

11, 17, 15, 19, 6, 10, 23, 24, 18, 7, 1, 21, 3, 8, 16, 20, 4, 5, 25, 16, 13, 12, 9, 14, 2, 22

Exemplo 5.5

15, 17, 13, 8, 12, 2, 25, 6, 21, 11, 14, 3, 7, 5, 10, 22, 23, 16, 18, 24, 16, 1, 9, 4, 20, 19

Exemplo 7.1

48, 5, 40, 28, 4, 32, 20, 36, 29, 4, 24, 15, 35, 47, 7, 6, 42, 44, 16, 11, 10, 26, 3, 46, 16, 14, 18, 33, 1, 9, 31, 16, 12, 27, 45, 43, 30, 41, 39, 19, 38, 37, 49, 13, 1, 34, 23, 9, 8, 2

Exemplo 7.2

42, 15, 38, 4, 16, 26, 44, 35, 19, 40, 24, 36, 4, 34, 31, 27, 9, 6, 30, 32, 23, 1, 37, 41, 43, 16, 8, 29, 46, 12, 1, 3, 28, 11, 9, 16, 20, 48, 47, 39, 14, 49, 2, 7, 5, 13, 45, 33, 10, 18

Exemplo 7.3

27, 10, 19, 11, 14, 29, 39, 41, 30, 26, 1, 15, 37, 7, 12, 5, 40, 6, 35, 16, 43, 20, 47, 4, 8, 28, 32, 44, 34, 46, 2, 9, 9, 16, 31, 23, 36, 33, 24, 49, 16, 1, 4, 38, 18, 3, 13, 42, 45, 48

Exemplo 7.4

1, 28, 4, 23, 27, 43, 30, 19, 35, 37, 12, 40, 44, 2, 26, 7, 32, 47, 4, 31, 45, 18, 48, 49, 15, 33, 3, 34, 29, 1, 16, 9, 5, 11, 10, 16, 41, 9, 42, 14, 8, 13, 39, 16, 20, 6, 36, 24, 46, 38

Exemplo 7.5

16, 29, 27, 7, 19, 15, 24, 43, 39, 5, 14, 31, 41, 34, 18, 10, 12, 6, 36, 37, 49, 1, 46, 44, 1, 4, 8, 47, 38, 45, 9, 42, 16, 4, 30, 2, 28, 9, 32, 16, 35, 33, 13, 3, 20, 11, 23, 48, 40, 26

Exemplo 10.1

7, 44, 92, 40, 79, 15, 35, 59, 54, 23, 39, 78, 74, 60, 57, 11, 67, 80, 8, 69, 37, 95, 33, 53, 28, 63, 87, 83, 16, 55, 66, 77, 9, 50, 36, 4, 27, 16, 46, 75, 12, 96, 2, 45, 97, 51, 13, 71, 82, 48, 93, 76, 47, 4, 52, 20, 85, 89, 5, 64, 10, 16, 14, 99, 73, 65, 32, 61, 3, 29, 41, 30, 19, 1, 34, 94, 91, 26, 62, 84, 68, 70, 98, 31, 38, 100, 58, 81, 72, 24, 18, 1, 88, 90, 49, 42, 9, 56, 43, 6, 86

Exemplo 10.2

70, 1, 56, 49, 11, 51, 7, 30, 98, 23, 81, 71, 38, 60, 99, 97, 26, 8, 64, 14, 20, 89, 19, 40, 33, 16, 85, 84, 12, 69, 72, 57, 94, 35, 77, 47, 55, 63, 4, 32, 95, 90, 54, 29, 82, 37, 53, 4, 67, 74, 91, 88, 43, 9, 87, 44, 76, 9, 61, 15, 58, 27, 5, 100, 68, 39, 59, 2, 48, 36, 41, 31, 3, 73, 92, 6, 42, 16, 83, 10, 65, 96, 46, 78, 50, 93, 86, 66, 24, 34, 18, 16, 1, 75, 79, 80, 52, 62, 45, 13, 28

Exemplo 10.3

91, 1, 4, 33, 89, 81, 35, 8, 96, 36, 98, 56, 45, 57, 4, 30, 49, 97, 9, 38, 83, 79, 48, 63, 11, 31, 53, 3, 39, 5, 7, 87, 94, 16, 43, 26, 42, 18, 52, 14, 68, 71, 58, 62, 66, 93, 16, 16, 51, 95, 84, 78, 32, 88, 59, 72, 28, 73, 9, 6, 40, 100, 19, 75, 10, 70, 67, 82, 44, 15, 29, 61, 27, 23, 47, 85, 41, 74, 13, 65, 99, 86, 64, 12, 60, 92, 37, 50, 55, 1, 76, 77, 24, 69, 20, 54, 46, 90, 2, 34, 80

Exemplo 10.4

70, 39, 53, 34, 72, 88, 33, 66, 28, 59, 4, 64, 96, 11, 23, 49, 6, 63, 42, 95, 24, 78, 82, 43, 1, 18, 38, 16, 93, 75, 97, 99, 92, 37, 61, 9, 83, 62, 69, 51, 3, 71, 55, 29, 86, 44, 67, 60, 9, 16, 50, 81, 27, 4, 45, 84, 91, 77, 31, 74, 20, 65, 76, 79, 35, 10, 94, 8, 48, 89, 5, 1, 30, 19, 68, 54, 87, 73, 2, 46, 85, 32, 36, 13, 57, 12, 98, 15, 56, 90, 26, 100, 47, 80, 41, 52, 16, 14, 7, 58, 40

Exemplo 10.5

47, 27, 67, 72, 97, 80, 62, 36, 83, 86, 74, 37, 9, 23, 51, 100, 85, 19, 34, 7, 52, 18, 15, 48, 40, 64, 98, 53, 12, 94, 49, 57, 4, 89, 96, 78, 91, 59, 50, 9, 77, 66, 16, 32, 14, 76, 41, 43, 45, 42, 56, 75, 54, 3, 26, 99, 82, 30, 92, 63, 2, 95, 69, 5, 61, 4, 58, 88, 55, 44, 87, 1, 28, 6, 79, 93, 13, 1, 16, 24, 68, 65, 8, 20, 31, 84, 29, 71, 39, 46, 10, 60, 38, 11, 16, 33, 90, 73, 70, 81, 35
